accuracy:0.99540 | precision:0.61294 | recall:0.09412 | f1:0.13101 
accuracy:0.99395 | precision:0.85888 | recall:0.07846 | f1:0.09129 
