accuracy:1.00000 | precision:1.00000 | recall:1.00000 | f1:1.00000 
accuracy:0.98250 | precision:0.18874 | recall:0.54473 | f1:0.24286 
accuracy:0.98507 | precision:0.27473 | recall:0.57877 | f1:0.30365 
