accuracy:0.99399 | precision:0.34631 | recall:0.23220 | f1:0.22001 
accuracy:0.99443 | precision:0.28262 | recall:0.07814 | f1:0.10951 
accuracy:0.99399 | precision:0.34631 | recall:0.23220 | f1:0.22001 
