
accuracy:0.99023 | precision:0.29150 | recall:0.22897 | f1:0.16609 
accuracy:1.00000 | precision:1.00000 | recall:1.00000 | f1:1.00000 
